1.
vector<vector<vector<int>>> terulet
world: legyen benne fenti, benne véletlenszámok, amiket kibányászunk
1.5.
A5                       B5                       C5
[A] 1,2,3,4,5,6,7,8,9,10 [ ] 1,2,3,4,5,6,7,8,9,10 [ ] 1,2,3,4,5,6,7,8,9,10 [ ] 1,2,3,4,5,6,7,8,9,10 [ ] 1,2,3,4,5,6,7,8,9,10
A4
[B] 10,9,8,7,6,5,4,3,2,1 [ ] 1,2,3,4,5,6,7,8,9,10 [ ] 1,2,3,4,5,6,7,8,9,10 [ ] 1,2,3,4,5,6,7,8,9,10 [ ] 1,2,3,4,5,6,7,8,9,10
A3
[ ] 10,9,8,7,6,5,4,3,2,1 [ ] 1,2,3,4,5,6,7,8,9,10 [ ] 1,2,3,4,5,6,7,8,9,10 [ ] 1,2,3,4,5,6,7,8,9,10 [ ] 1,2,3,4,5,6,7,8,9,10
A2
[ ] 10,9,8,7,6,5,4,3,2,1 [ ] 1,2,3,4,5,6,7,8,9,10 [ ] 1,2,3,4,5,6,7,8,9,10 [C] 1,2,3,4,5,6,7,8,9,10 [ ] 1,2,3,4,5,6,7,8,9,10
A1                       B1                       C1
[ ] 10,9,8,7,6,5,4,3,2,1 [ ] 1,2,3,4,5,6,7,8,9,10 [ ] 1,2,3,4,5,6,7,8,9,10 [ ] 1,2,3,4,5,6,7,8,9,10 [ ] 1,2,3,4,5,6,7,8,9,10
2.
minerek mozgatása (wasd)
3.
különbözõ bányászások megvalósítása



kettos ellenorzes (sor,oszlop)
vektort nezd at
mine funkciok elkezdese

Gmae functiont csinald meg 
m1 m2 m3 jon utana ujra do whileban